17485
14571
20399
5829
1
8743
11657
2915
17486
20400
14572
5830
8744
2
11658
17487
20401
8745
2916
14573
3
5831
11659
17488
8746
20402
2917
17489
4
14574
11660
5832
20403
8747
17490
5
14575
2918
5833
11661
20404
8748
17491
14576
6
20405
5834
11662
17492
2919
8749
20406
7
17493
5835
11663
20407
11664
8750
20408
2920
14577
17494
8
5836
20409
17495
14578
11665
5837
8751
9
2921
20410
17496
14579
11666
5838
10
20411
8752
2922
17497
14580
11667
11
20412
5839
14581
17498
11668
8753
5840
20413
12
17499
2923
14582
11669
8754
20414
17500
13
5841
2924
14583
11670
17501
20415
8755
14
5842
14584
11671
2925
17502
20416
5843
14585
15
8756
11672
17503
5844
20417
2926
14586
16
17504
11673
8757
20418
5845
17505
14587
17
2927
20419
11674
14588
5846
17506
8758
18
20420
11675
2928
14589
5847
8759
19
11676
20421
14590
2929
5848
17507
8760
14591
5849
20422
20
2930
11677
17508
14592
5850
20423
8761
21
17509
11678
14593
5851
2931
20424
22
8762
11679
17510
14594
5852
20425
2932
23
11680
14595
8763
5853
17511
20426
14596
2933
24
11681
5854
14597
5855
20427
25
8764
11682
2934
17512
14598
20428
26
5856
11683
2935
8765
14599
17513
20429
5857
27
14600
11684
20430
2936
5858
8766
17514
28
14601
20431
11685
